2.55658897978304
3.58715479456524
4.80226353218794
-2.24783723447734
4.01214899582196
1.83322709947605
1.03655022880615
-0.493274923362081
4.91425852833063
1.56357883044807
3.01047704056921
1.84285083715529
5.71889066283139
5.88911485285283
3.81048950716596
7.67442055110477
7.39982073455076
5.21550103064741
0.287070678113841
5.42040999352747
5.969781288385
8.21091345373884
6.76495211735711
2.66576175404335
4.5894165468114
2.50806093745949
1.12039682552903
1.66287012599732
3.03658560530822
2.89564921632454
4.50210303736286
6.00480027199438
2.7197552198325
5.09421614306914
1.63717350332149
3.16680443233292
2.34421329062843
4.88372066243609
1.27201277527876
4.63487774937864
2.78051567453429
14.2116943153993
8.1296537419929
3.51328378277385
2.40949722707242
7.31788051798684
3.37861834842718
4.35340248058985
2.05206326657208
1.58079089193628
1.77732513833429
0.967872046353536
5.82958222578297
4.03569134854487
5.39158027705504
4.95526024633578
0.381034060091659
2.63390201490942
4.71084936690739
5.29640737146632
4.02840858126992
2.84368727590086
4.22057240258785
6.29163058472229
6.75403023563426
5.24543943668604
3.7634639198388
4.39498988806659
2.97439075178091
4.53038511576814
6.50077492896487
5.71471044558483
5.27018040551077
5.50679510723786
1.63983121163686
2.39823742713643
1.45402142533577
3.80929824857059
3.6537931309764
1.44743773690844
4.76206536890045
2.26926350551114
-0.405804956622619
1.83956667632231
-0.020185775298982
2.61882616760454
6.12660533317717
1.97403731628095
6.53249150194292
-0.0678425981641853
4.87403422121135
5.58099705236143
6.40724097963562
3.68151592595444
4.96243771994806
3.51158022831153
4.88476282197139
1.77119790785062
8.40846294568387
3.1589558398347
5.33580428460172
4.1411988178734
5.41337236912395
5.67323306452019
6.71374598282518
6.21432693003338
4.72960136340137
3.77674773291318
8.35197165081625
2.25877171104073
3.39181989370746
5.81283412743744
3.58414020642769
0.219963379354623
1.8519864396859
4.26939381566483
3.8712643725418
5.91801828411239
6.91645704618089
2.47384284206797
2.3582906572825
3.32882879366247
2.93378124429738
4.43259013837075
2.05791993439242
3.78564069984576
4.58307683392368
5.91141292048152
4.09511548939765
0.815296932605379
6.42560379065399
1.47428940549359
6.4925261834154
1.47964635088138
2.80648656932569
4.27951861240214
3.62262995754218
4.92490030783993
0.432481172659446
4.66912339761529
2.11294236090827
4.59824105889061
4.50013294740936
-3.60465699746246
3.35785935845916
2.14120885965603
3.05658523042018
3.28591434213444
5.31104839513527
4.13987578375179
3.34767607478218
2.44916951125758
4.37696711433653
2.11544247364743
2.7692799489944
2.40304619285875
2.11557731281082
4.40302179305436
0.990820965471304
1.65621798220193
3.89688363757219
1.78408671794004
4.02117118350821
3.90894685385721
9.22706553713964
3.55820049417408
3.26037669814457
4.15249026505201
3.43712528640718
5.45191102403326
4.59157691950299
1.22358733262109
2.91444424362935
3.5181616223721
4.9067630013723
1.46811838202455
3.07269714981236
8.03264407307804
6.23724969897644
6.06656659920713
5.44599427463622
0.74018905758642
-15.5437950108096
1.76022219439626
2.18860545652407
1.75730441766057
0.0258000578548068
4.58256683193332
3.12863179609563
6.36009367809566
1.27048643361456
7.72649189900297
5.36680291160302
8.88275735623224
2.85257402821524
-3.10888603608876
1.80176327946319
0.795845932417857
3.33443384127297
-0.315556635353774
3.36537664886784
2.32336048330472
5.77582348209315
3.01764029891064
2.42746827971839
4.41275025773944
0.0151426450926802
6.84199046500214
4.77596336799696
5.18981856800483
-1.83172926008539
4.49352376248938
2.49258833237627
2.15138351707117
3.28681040892295
5.61849510901611
4.45678531213316
0.465427846559492
7.42357160292256
5.77200868089572
8.53016636624204
4.79951081769766
1.48993509127798
3.70178364724696
5.31300610121956
4.32201078447105
4.95934661415626
2.6659072377395
3.23114575427145
5.57636489137174
2.96036624709407
4.7669305955705
0.340699735652729
1.56535277039883
3.16072206539123
2.07220316535504
1.35974970652349
6.81188875133486
4.28128041602069
1.56234539503177
3.65104884387289
3.74953664486292
2.38560852098808
8.61475605548019
2.72704708001643
6.78884687102563
4.92521040077544
4.30464274222791
5.92785265914699
1.40866970630031
5.09942030185143
4.87898977984981
2.51501124997051
-0.785041896372609
7.1659040827923
5.71010700469216
6.0619186851472
6.24805757671831
5.93384864910739
1.8692144379231
3.27854409514879
0.830973136297723
4.06614597067557
1.76255315857145
5.19196601769001
2.58977916195806
4.54345906316888
3.26299222282502
5.31049294262665
3.32223973778704
3.2751269996519
3.65198377118518
3.4961175490088
4.6425032734268
-0.0715913586238468
1.89535975941539
1.00054130326651
1.29039810438326
0.429701630611635
4.62083409511158
4.04932303212025
2.20243694718506
4.47794225610176
4.0909690931719
2.70141501755604
3.40274537065112
6.70036908911088
8.50411438055805
1.65305485929065
8.94883508296108
7.06339824035424
7.17267287759393
2.82893994141628
4.21281035228079
4.50043881584654
1.36937387611151
5.56974000029323
2.27524340437686
1.30545975836892
3.47740258822424
0.897651336617774
4.81364840093438
2.67702364034075
5.32830819995878
7.03005289439549
5.7162363433053
2.9632933705842
6.43750213215552
4.28589354557767
7.21296962233172
2.83702340830258
5.47074687870423
5.70685423009191
0.241539747012935
5.2165828892301
4.53805687344359
1.23409847601029
1.76057129320489
-0.0275363041859609
4.50150248316612
1.10602868907017
1.97034704980973
4.92780341144223
0.795045439072652
3.63736209007602
2.1558134310198
2.8947733903047
1.91106268157013
5.67422883254819
9.00634106448821
5.40182005753896
4.36461140885299
9.83018342942604
7.04249542738512
4.73327484224099
3.53500188124451
5.26195475918715
0.374675149554949
-1.09684957767017
4.2230001871153
3.76392217875898
1.22611901110832
4.82871700064732
0.716127800682662
2.34820003181587
7.28538998707094
2.14376856276977
2.25838257558636
6.13580948918131
3.79931118621267
5.51847740752989
8.89070852624005
2.52449542494295
5.88404729757095
7.85865125316509
2.08539508693634
2.80238502864538
3.26305104966549
4.05432627857528
0.79910042709787
4.92017334250189
3.25337772594119
6.36912334802653
4.46822498621814
1.63382012716158
6.49463028437296
5.38596451920788
3.94919610047209
1.15643413133437
6.17028097392679
1.60506069374142
0.862241898777544
2.82982532072224
2.35689944108968
6.1415461292408
1.76322161617887
4.59428266398268
1.07036092669819
8.00874985420972
4.45563262908255
7.31698706979007
0.501270261831336
2.28850919165639
-0.474495395499668
1.78314040622042
6.25042294969091
3.48695863655343
2.78417467795636
6.11542672741063
5.36368874641407
4.29972659198301
6.96966120343799
4.5157138726676
3.28912106183179
3.04496749240951
4.8223188844019
4.96428785257122
2.4672335780148
4.38812980940068
2.93763465173805
4.48402630853053
2.0634380391004
1.44328241106967
4.92107460745718
4.29276187954853
3.38437452544645
4.92134876674426
1.31248720362441
0.980233098695642
2.16367127943636
2.64040011331538
5.18626651204719
2.5695753023757
2.18360512306958
2.14154125496823
4.0740827290659
2.46719294554192
3.32966440007429
2.27688678309193
6.00544099180999
5.5885816629724
1.86573319633404
2.69350963249416
4.14581974197096
4.9989360192495
3.08126385188896
4.05905975661459
2.40544763167569
2.48502102950291
7.31094230885529
3.08701139685584
5.32892634909535
5.97551142460894
2.40333690989639
4.19729375583005
3.16428973881668
1.83996406462139
3.91202050106881
1.85120385937269
4.19878240605325
2.00321113619371
6.63964572975652
2.39926018895596
1.45535049027222
5.17869050833479
3.40153902949485
8.14038290318246
1.14673810630001
0.402402023216506
-0.486581338236141
5.27167175427652
3.72882728661823
3.62211523799627
6.44960487706728
2.79143109456227
4.24558477880057
5.16070846134253
-0.800773411960819
7.64563692732657
6.35145817703621
2.23372234499124
2.34724807220269
2.57436776366661
6.30142123654641
3.58164790732417
3.94910265743193
4.84349711062445
4.54523012996001
4.17608569801206
1.14324787448119
0.821183021281302
3.81156375563427
5.19722066491409
4.48930669091802
3.95935051331719
2.00127241031399
4.50781837269564
3.93338288584247
-0.22707995326013
5.47640042175417
3.07214377049046
3.0268004003913
6.90632487497268
5.40656429202762
10.1893007476648
3.18336118182651
7.14997749081325
3.78937120526652
3.08360774048425
3.35361297581357
4.48192020111232
6.74846422576371
9.15979149729305
-0.675455217868152
5.14538848969804
1.49921563878097
4.30937024699123
3.28978045920858
3.90606872564578
1.39064513813212
2.23384146133099
2.34311770414602
0.613998879657058
4.47830201389372
3.72116236046566
-1.56341998821239
4.01936037121402
1.12007425447141
2.02791131368213
4.18421956629635
5.06978052435811
5.50852716894946
4.69232145638925
2.41948557589286
5.56048574518056
6.56931532875792
5.92083461345212
1.63271045720239
6.64174695093462
8.22395791058704
4.50808097529297
4.73201785186675
6.13441552139462
4.49213115681102
3.83944462053597
3.60982502458715
2.1690918198368
4.67748570900614
1.70679289320258
4.8794550724372
4.49232851975209
4.93268815443728
1.32105590246537
7.6135669633607
3.40761611789434
4.74402487406425
2.31188054000239
4.23775138872988
6.63427215585867
5.59075223135429
3.70173064242191
7.44315948035975
3.18778106698359
4.72985062429077
1.27425873858982
4.45275685007184
3.40756691054016
5.31299579506143
3.57589360502984
2.45486917463969
1.77491885927341
6.66670328171612
5.43473595797038
3.37098073068862
4.10439126156755
4.9247252383002
2.62430288248205
7.02196736281621
2.98163985737889
10.7269150082851
5.05152013026515
1.73095449286948
2.41906342777154
4.39743160646712
4.75897346423858
6.60608528189591
4.20641383631016
5.49741445976332
3.54368498708394
4.94832987198279
4.51886014820449
7.37124560913519
2.55370112107195
1.82234310379743
3.11416182533444
3.35326612113341
-0.384309743266424
1.18928039306512
3.73039564155656
3.74279807606303
6.73913050219826
1.97898209932453
3.86343031728205
0.667234355402228
2.78390066713855
-0.0804285494707733
3.87181371465152
5.82070939252381
-0.98737493433756
1.64129994892684
-0.888583408944514
1.64556651676416
6.14515265343735
0.195650067655178
-0.746224444794553
4.719225041331
3.26584765237499
7.57245414514505
2.07256620242968
5.03319691964696
