1.25061543773814
2.9575878140585
5.24757349553474
-0.685577583698555
1.32712240458759
2.73890557027255
-0.321077745936553
7.69263780233785
4.78870214495637
3.62162610581457
3.37989285752494
4.10742565389841
1.74426949163263
7.63939883323083
4.50730174012132
5.52178344653698
6.25467544729655
5.28640430185573
-2.13768843608547
4.99422953479536
3.57224840280263
5.01797860650877
6.65228825033241
5.62367573293083
2.74295000438814
2.94469752203419
0.141875623483493
0.4232555182074
0.0828357123655494
0.975421688063739
3.20490557210649
3.7145666446835
3.17088342692166
3.65950218480709
1.51367399775667
3.68009976203435
4.76597532637221
-0.611997081357415
1.99302452926855
6.20161274516269
3.18623079289949
7.04948084419367
5.87996741927948
1.10927069280024
0.04382060864235
8.13148552676022
5.7259286955262
13.4749859609574
4.93769405231347
3.36272663473456
4.39428800145832
4.38506730073969
4.03043453526628
3.38427128271139
4.77533603916888
6.0229749082193
7.34561318769118
4.16520797372912
7.45567334665991
10.6041011811039
4.61393305951204
2.15057883169456
1.70890620095554
3.22201086327607
3.51039516252059
3.56198762285156
4.68567236602037
2.80110991841027
15.9237960564429
4.30059335717747
6.51360502711692
3.47738903961752
3.10047922292864
1.82963288826769
3.40281690697719
2.44524810682046
8.69898546570404
8.66788999155666
0.684328694979987
2.38968714388846
4.54244907211084
0.0166315675408542
0.328411362414048
2.36964648569434
1.31314668207594
1.88534381415472
7.40240841163919
2.32747220122743
6.57265570165161
0.717235967499828
2.58752479638147
3.35056130359835
3.52426715206446
4.30557020306213
1.75039778120948
2.27613922602128
5.18912958002115
0.802626643540861
6.56293393464532
2.6094387290953
2.9598410848502
5.52272480427366
4.01928547445528
6.42388815565139
4.52778409312074
4.82210033249436
6.23938655802831
2.8380950496531
4.23836516633544
3.63906051626679
3.9961111131512
5.81219515665715
5.17838226920312
3.17850523799043
3.95653057042958
6.89855531185566
2.90826147306094
4.54345386907702
7.83268544030784
1.26718985578185
6.83206906480692
0.979998339620831
3.22158581105929
4.73772571133117
4.44508041962905
5.33687005672548
4.69835033798251
5.28490277247157
4.99145313413706
3.14719603555687
6.87658759716964
3.44972420485861
5.10526606730115
1.42759932169221
2.56190608154495
6.68247048075723
3.98958458699275
7.40588288852143
2.53429681938283
4.67979626728292
3.56568994222734
4.82409160439389
2.32311811531744
1.98372296072714
2.28647501431636
7.33216514528857
3.58384364880945
-0.577995839347326
6.8592530179468
7.06053551534903
3.25571234585697
1.43534313616464
3.21240531128449
5.50128863309031
2.45838967639631
1.94809964585183
4.15603530804106
3.63451513255249
0.0978520262064599
4.29833249558872
0.961739477461695
1.04587489804215
3.40752764185048
8.25666369901165
7.20690685402726
3.01732861253786
1.23905692785487
2.69084362191832
3.65919066296856
5.37536548720863
4.18958596394556
4.09669500105482
2.49415690686611
2.99213182056926
4.59231786034186
1.44565087061288
7.4625144915068
5.53856952066735
2.78010868124894
3.32111632306987
4.11409520479481
3.7451011245659
1.18679197145687
2.41521540186375
0.897236003865815
4.63794856061653
0.314044832554916
3.09253093170584
5.27275982190373
5.67918986351785
2.07362497158313
4.60483010825907
5.10236708554663
4.26508198972629
3.56450510145978
3.0014899799603
1.07478564525649
1.89207398762725
0.0648172817554036
0.734694986698083
0.470480568056607
2.49143207793357
11.1600009989519
2.34833110681114
2.86403046836377
3.80187565146396
3.47825298808841
4.25118537160963
2.73743376009517
2.78236485877701
0.551464378113186
5.11536506180132
4.2523328799155
4.19933534137039
1.74140677363286
1.61993670375463
0.596803658636495
-1.17836953505383
4.98747488048581
3.96936922422558
5.13778012089315
2.70770843545122
0.645001944729842
0.0324657477049821
5.57263494533583
1.16628127976757
5.99522921422828
1.84573983857736
-0.455887301612411
5.82239271333426
0.344148779123608
3.06746561839678
-0.340465041305593
-0.203077390722591
4.44052401681754
2.7646952796374
0.146900187948399
21.4599614436222
3.84066809953332
1.85183539375041
7.03648001219515
3.45630212962989
2.74266481741426
9.88353868890864
1.14794400780462
2.87544382027564
2.93082520838697
1.90614161099604
7.51787183610238
4.35400339934832
3.06696729510007
4.20335865154852
2.4238001723658
0.678976224807265
8.3498966790757
4.05234543514129
5.61774191388354
4.04039189605337
7.05284905331547
1.73996926935026
6.75242481731195
8.70606386565186
2.63472889031115
1.46308233460234
4.39351929489361
1.58796340675575
1.86315431323477
4.08679237026673
7.80753297706564
1.41905284709979
2.42697092682474
4.93227762097519
3.13561244535941
4.81364008243688
3.09004803416717
2.05910488918995
0.450188715322833
0.0471627939333512
1.2416559022692
2.85826847702043
3.75532348896346
0.450677481458624
7.65851116095748
0.748900579554379
6.41891728686119
-0.203246296487337
4.34586728477376
7.92392604785996
4.96403623522823
3.20639903965057
4.94300401337518
8.86495990504566
4.46506562366755
0.696105039410318
4.7249032819504
3.84210125416125
5.31360673431191
0.584897151020388
0.0326565923062483
4.49252966025982
6.16722551801065
5.26330690604265
1.83259300129114
6.13193384407928
4.5343757988577
11.620725280869
2.52012814522896
3.80898058531823
5.82267312996868
3.30761193834948
2.91169821602505
7.29462304438488
4.19178538844987
1.16772123219003
6.19252974334279
1.77713125248649
1.58353330597782
0.0571958953304519
1.5760858184275
4.22879496513137
3.56972251078482
1.68077622462846
1.0023858882666
1.1796636025308
2.1371421517604
0.640545472571002
1.72874741803839
0.804266410485431
5.22463775856025
4.61278087539349
2.08930019892545
2.32087604581549
4.99577993665201
16.127842899209
6.76674009760168
4.74432675947273
16.4186549828161
1.18611487742301
3.85980448619424
5.5554697314111
3.42243042581743
0.321075582405292
3.80548371133833
6.84470261647691
0.814682397430079
5.30750753125969
2.30262648730539
3.40434505095692
3.83364975425554
3.63298657379914
7.65940426622709
6.1225900123935
1.8628181615756
4.55773943119049
3.26053291649685
4.52022410548517
-0.396615648081993
0.633968013505973
3.45436061390963
1.76847767574249
4.28488312211785
4.69403214959406
8.65371035915911
5.02838583924578
2.5771063591542
4.81592658836618
6.67469380164421
1.46114308392401
1.08294103126131
3.1618353861335
-0.180751563038029
0.410971054705256
2.84264706471311
0.482867478245039
3.24286757295114
1.779753397635
7.31629847374745
0.829912831301792
1.93018695027194
4.54419451332611
3.33862924527058
2.58180908437875
3.02232662973733
-0.671920855773189
2.22248339591169
5.80874548034867
-1.17176816053262
0.754781280617304
6.12229973084892
2.47856507757101
4.08854386041327
3.1609558732797
1.82582478917736
2.33016057269082
3.75881523303762
4.11614297719123
4.68648770080636
3.4189005540464
4.42158413421991
1.24192637092618
3.55823974674499
1.80229954370649
0.752011272727637
5.07229331429171
2.24972699185673
3.84655910331762
2.87046614024219
0.781109015219595
-0.335302746977073
3.44134698825842
3.05839771898015
3.81175567011443
2.37835221101202
1.75623066947917
0.322279838991746
1.8978050237153
2.79313849824303
2.90128123186793
7.05954839433053
3.66519096044561
3.66111075485915
2.73460501401308
8.72787164932755
2.31705607263224
3.56237783590702
1.98549639922239
1.87891410010908
3.33302359617667
2.99365289550409
7.47214126114684
4.03991612004755
5.83216460971806
1.2064555240009
4.69258041929652
2.87434507093938
3.35991021106208
0.64014115797886
5.02338519714131
2.58152691259956
4.15627072318962
2.4175033845278
4.87739004104621
2.54132253370525
3.01190307517323
5.70268388931251
3.73778120635017
-0.467202194015392
1.25898045664376
-0.357339338419227
7.96317926375252
4.43123778995338
5.9071402328957
5.5440235660482
1.8369999668382
2.44310895343856
4.54582959333283
6.16911323911199
0.578608628271972
5.66641641132858
5.17449242493136
6.83783669568265
2.2661977553874
5.86585643560823
5.41107512977563
4.95334198173813
3.4747505028528
5.13737495850699
1.63813395191908
1.38509961404519
-0.102127546255398
2.80953828092709
1.74772975001228
6.0389837855828
4.73714807044724
4.2619024565184
1.80331929722357
2.29259486655377
5.32005386145176
2.82877887600089
4.25602027741652
1.666357885741
1.15167007817252
5.48952216371326
6.39252375720936
3.43363990701565
2.8063263401132
3.63899017059035
2.54753995414779
16.4088772405125
2.40841683288259
6.14939647586825
2.50975963466276
5.10956621869242
2.10353781721612
9.51743652894559
3.63514658115656
3.6620417880277
0.816375697996583
4.47824689212509
3.23958331770236
3.23600019093085
3.38994476089441
1.31075426667775
4.98232171178946
9.55482198364832
-0.196357051775394
5.40138827649282
3.22812327927075
3.79724381373795
3.54673056595486
1.1358651514579
11.6402176712184
3.68633936511749
1.12918829892719
4.79162968550654
4.66608309018233
3.72198317755978
4.79332424316855
4.21205969535426
8.12228906304718
1.57485717301192
5.91839393719353
5.91293900758835
4.09352888650559
3.1871155463618
8.22627142920456
2.1335909437289
6.41600159603408
4.34921415759665
3.32555348099737
2.17611738667454
5.98816160940532
5.43179043829266
6.39516631763911
-0.523448183194243
2.77712061458938
3.50614572197957
5.9340618558831
2.30840268578626
3.21087802011599
5.67225424242815
1.47253537420031
3.28748293385887
4.0994530146212
3.00148085442392
13.8036970349371
5.54769498355596
6.78148279342101
5.50056253193612
5.16933671798299
1.78564098777903
5.39170763480779
6.29065657898892
5.90563720760482
3.91618632685881
8.8596951860427
0.827818128306498
4.50142804302751
3.28172717539735
1.19216603775718
4.29760755691253
1.55341590690963
5.48153807077006
2.96159804307314
4.20395921790966
7.41787296967397
6.69483257013459
5.73687356637606
2.33785734916073
5.05526739240598
2.36769782332451
6.34537664490187
2.85724140531438
18.9816134816977
2.09514764641755
8.50322559763009
6.58253492876842
3.10647137465104
1.29658162816775
3.88234551982702
7.48601366164423
1.16929865190213
3.65733707521135
2.71660858936409
1.86158564157634
4.25100540792323
4.68469777205597
6.06128832614308
0.555346266864528
3.30953152436675
-0.084880472808059
3.7589477879983
4.43897146329108
1.63339026837379
7.59407174200319
6.4132271788873
4.24369913105237
5.70351131985573
2.76291232768677
12.3316285848009
